1000
1248
1327
48
1066
1858
47
857
1702
1808
275
617
1475
68
768
1948
1305
467
677
291
585
870
843
1668
1095
1183
751
1497
1002
73
829
792
441
348
922
1818
1017
1969
85
1306
1655
655
414
44
338
1413
273
1017
418
821
1894
1508
345
459
304
1701
1751
85
491
1077
1382
129
1369
256
1620
50
1726
1188
99
992
1462
1713
1063
1758
874
1340
678
1034
247
1830
1980
1033
806
734
1561
1975
438
1958
108
1824
1349
1652
59
1417
1163
1844
865
1945
429
514
279
956
1702
395
1206
964
1393
929
1797
138
1013
993
162
451
1897
1153
1642
1814
471
580
526
1766
98
1408
358
1136
574
419
667
68
1996
624
1849
1027
1227
430
1040
100
1463
1680
372
766
77
285
1167
941
1298
1797
124
1814
614
58
1030
122
676
789
603
80
1667
977
807
886
1002
1900
1065
389
740
877
320
611
959
337
1524
1108
429
686
1565
1804
1362
1028
1177
1868
1912
1392
298
417
611
1924
624
1747
7
628
810
1544
1454
922
1433
1998
497
656
188
1203
1229
399
562
1347
313
630
720
1999
1935
1626
583
1276
1995
408
351
1595
290
1576
1882
1696
127
1517
1333
183
786
1929
1332
19
226
1543
406
1851
564
1043
1584
572
774
1923
609
1409
1927
1968
1767
1914
649
831
1015
1594
829
1409
1678
1256
164
1362
768
231
1375
1662
1072
1182
192
1014
804
299
1011
1541
1464
273
1650
23
754
626
1754
19
934
769
1416
776
1621
905
758
1081
1120
1178
31
198
734
865
248
1213
1918
578
899
1500
684
1715
614
1062
481
1777
894
1044
536
476
75
1707
1938
1018
735
139
586
1237
805
45
218
872
262
1323
811
1688
1800
1274
328
1826
1504
39
650
428
1165
739
884
1585
330
1940
179
1257
1931
1652
988
1272
1570
5
738
1777
741
1688
1182
472
934
267
491
62
1665
1967
554
1710
806
922
897
183
1587
1884
1315
1711
530
1227
152
684
1296
176
473
916
1379
1697
634
1832
771
1970
1773
285
1495
1264
1642
324
386
756
1424
48
1038
586
793
176
147
1269
1172
1505
824
587
949
1985
1543
377
681
1276
430
1085
77
280
1698
870
550
1518
905
895
589
495
1187
504
97
663
1214
1665
1652
1288
1217
1347
428
304
1869
1933
1214
1524
1729
799
746
648
453
1094
551
1218
120
278
1163
563
464
724
754
348
1663
264
403
401
118
224
1243
1718
1362
1198
1602
56
935
1225
365
405
14
417
279
314
1191
996
385
442
88
1293
511
1106
1811
336
1026
1785
1454
296
1464
1683
1793
1168
1177
1737
840
48
661
235
1153
1215
751
1753
268
1676
1671
524
1362
1977
1793
1438
425
1095
515
1513
1588
1867
201
1533
1162
693
573
1077
1570
1907
872
465
962
1069
1985
1407
9
1362
1064
620
177
22
480
193
150
627
1846
1535
691
120
267
1445
1709
173
431
746
2000
1176
252
1852
1139
1705
972
1891
453
610
1371
1956
1160
1235
358
300
1620
733
1978
1900
1469
721
792
903
243
1140
518
1184
1662
1853
1843
95
1121
627
758
924
226
1947
724
680
643
1820
1314
683
1484
1413
654
1208
1010
647
1939
1286
1746
741
439
1356
1026
1236
1459
1603
729
758
153
1179
159
96
1886
1522
1062
633
1584
1352
335
1785
1104
1206
392
745
1136
528
720
1345
1383
1883
1433
1339
1942
1221
732
671
1431
328
582
560
1962
1546
1898
430
1288
1552
1299
1149
388
1292
160
1787
609
1658
1618
1185
903
1893
1521
296
1772
3
1186
956
692
1770
1638
560
1363
955
248
799
1140
603
99
1992
1637
616
535
909
1416
657
1849
323
1904
1447
1906
1556
363
630
840
1458
1042
281
1871
940
621
1633
691
1359
1332
573
841
430
647
1354
544
47
1117
466
1624
1342
598
849
1386
946
846
1151
277
124
1018
1800
442
1379
1792
1887
552
679
119
1152
854
12
1109
657
421
1460
1923
366
670
1223
1463
636
501
605
654
1780
1771
1323
567
502
1574
914
439
1582
848
1223
957
1424
1626
1656
657
966
1062
1340
704
1961
1625
1185
22
1314
1692
37
644
685
1257
13
240
619
1137
1089
319
633
1195
778
124
775
936
1264
1456
1189
48
285
1251
1230
423
876
421
1521
1587
894
115
1084
1067
1334
740
242
1343
584
402
1114
201
1226
374
1099
537
1407
275
1200
110
694
493
1477
1634
119
768
728
431
370
935
1304
911
1220
1158
108
921
912
390
1483
187
887
385
949
1416
577
1105
831
1645
185
1635
1661
327
1125
255
884
147
1866
66
1533
939
258
1612
681
229
542
268
671
1734
1581
1236
1838
1441
800
170
1686
479
1146
780
975
1918
233
1711
276
1108
648
816
428
1609
577
1505
909
724
991
1285
126
1085
110
1578
610
1137
59
447
211
417
125
145
1382
1496
87
133
1269
347
472
465
820
1954
1047
795
1387
325
411
1934
615
1913
416
1495
208
1687
1824
641
1405
1305
1623
971
1127
1295
1800
806
620
853
408
1770
979
1797
1221
530
708
512
527
688
1471
1074
1319
977
800
240
1464
1832
1259
855
799
1572
2
384
1111
1041
903
796
156
1133
646
1754
690
1235
1289
1254
1927
1505
935
191
50
1294
757
1145
1761
148
410
1186
1817
1614
1619
1440
401
1758
1743
602
609
790
1793
1317
403
31
