1000
568
1950
1481
1739
16
893
780
560
256
770
1511
517
1127
1669
1281
610
1120
1925
462
1391
1853
212
1991
538
291
1910
1403
1841
1867
1711
1862
1652
1637
320
397
173
896
1996
73
65
1780
1712
1427
1471
1392
883
143
1270
1216
38
208
498
1097
739
549
1462
963
1952
192
371
1990
1797
472
75
796
1508
1617
490
127
1626
47
262
619
861
828
1739
229
1940
965
900
549
1223
413
687
1120
1963
1239
55
1939
1082
1927
762
261
447
1516
1381
1780
1192
1028
942
1553
799
819
1737
383
505
1178
1793
795
931
1594
784
1127
676
882
676
1271
1038
35
1022
1959
1973
1208
1360
74
751
83
178
762
1425
702
208
1185
556
344
296
364
1973
132
351
36
550
1226
1589
1182
30
483
302
1897
801
1096
1253
541
1106
1191
1875
1551
1518
887
1364
1940
924
1716
1244
174
1177
226
453
1388
1541
1760
1759
1548
1676
1884
1607
281
1912
773
1106
605
1100
1375
1968
743
1590
1034
1821
1146
101
1599
529
809
1989
179
458
1749
57
212
438
1651
1335
567
959
941
529
18
213
1496
329
1921
1045
1190
979
1739
1823
255
1259
638
396
1823
1069
638
1991
720
1161
873
1213
8
659
74
1227
450
1973
168
569
862
1999
937
375
1801
470
1456
1671
1319
135
1102
872
868
1456
592
1387
981
1961
1142
87
1038
732
1385
979
1362
245
1862
290
1185
677
586
263
771
1197
882
827
47
1863
1823
1193
1953
1150
503
1483
564
473
1146
112
340
1876
510
1203
1467
922
298
395
1286
89
1758
1563
495
300
5
1498
1853
1448
1716
1187
1799
364
1472
1877
754
1096
350
148
587
1145
1299
1087
879
566
853
937
8
369
1007
1821
1399
881
88
1786
906
1013
1241
1107
1738
851
532
1614
487
1812
363
1695
287
19
1414
450
736
1772
998
1807
767
369
1955
1532
602
26
1018
1559
1720
869
472
1183
530
479
1740
1314
592
722
462
880
1857
1967
1600
1195
525
57
1359
1176
44
914
1024
1531
1881
1436
35
380
1538
167
1999
239
1101
1586
461
1360
1024
1426
1185
34
1578
804
1162
1138
358
570
499
147
1021
1942
987
32
222
1009
589
1150
661
243
1337
1350
1170
1445
1767
751
1778
641
1392
1139
858
1135
451
1978
1805
1185
1667
1380
957
749
521
905
229
656
263
1670
781
1022
508
1968
626
890
1555
24
1959
1346
1731
1741
1466
1725
1057
1900
1143
502
1420
1015
1351
847
245
1191
207
1137
1343
780
1168
716
174
1294
740
221
582
1900
1466
324
1015
1231
994
1587
705
1227
17
1271
1980
1084
1835
1907
1134
86
203
440
176
671
965
344
1935
264
392
1640
837
40
1302
623
626
1930
1668
950
529
1709
1054
1209
1798
1453
1014
395
99
582
46
799
1056
1700
199
924
856
198
976
440
294
426
1782
298
1146
147
119
1510
614
627
1360
472
439
1764
1043
547
1807
423
183
1806
209
1292
692
548
367
1260
157
1388
567
174
358
513
612
775
866
869
657
1219
1515
1405
970
117
1403
1816
1125
9
250
589
239
55
1910
1689
1414
303
1713
236
867
879
1513
1932
513
1976
492
1505
1592
677
1489
982
1358
1295
36
652
422
920
1189
1179
49
1521
1739
1168
1385
1521
26
999
1360
321
584
7
1801
1502
1131
1242
1610
1560
1924
1648
48
195
733
1530
215
1174
1265
1302
850
201
1784
1402
1262
89
1867
789
1939
1442
1057
580
35
1322
604
745
123
1056
700
1738
1697
362
200
1361
132
590
335
1610
1583
1452
1200
638
210
1387
1148
390
773
545
1791
1053
689
1778
537
1193
312
1116
1604
277
1141
619
1160
1844
1658
251
357
1690
1236
1495
578
15
1803
1312
612
428
986
1289
1369
112
1584
1523
700
1573
1041
312
1690
1791
632
825
265
699
1357
1806
795
289
149
348
1765
800
569
1679
189
1593
1764
1820
1152
1732
1737
1386
1844
457
1385
444
1823
1185
465
765
530
1018
1377
1616
1537
668
113
1401
236
965
146
809
246
643
1409
509
1746
1093
1588
1628
1457
460
1526
1075
1690
932
1035
55
1068
242
775
1495
712
918
1161
1024
1479
760
1694
1836
256
667
1423
964
1243
415
211
1530
878
630
1062
1039
1666
884
26
1712
1332
1887
1643
472
247
1320
1828
1823
1281
1749
201
16
832
1753
663
796
1124
383
668
1782
1583
94
1036
995
387
1283
1056
1643
1325
1504
94
1087
101
1933
1327
1199
901
142
1600
1000
421
1051
1222
50
749
996
1067
1142
902
1985
1839
792
646
346
1602
1663
147
1279
1815
1935
494
1247
1949
1162
593
1025
187
1154
1493
202
986
1635
1285
1542
93
598
1118
1193
1525
1382
1301
1898
1657
789
1056
1371
1845
161
156
67
1513
1121
264
1797
1635
1186
1552
125
1015
1873
1140
140
841
564
957
1656
1236
866
1277
143
1102
838
1338
1668
1742
1780
1506
279
246
1227
1546
980
209
54
1497
1023
1931
809
266
1290
1198
1008
985
105
1013
1241
449
1181
1902
1486
1224
1473
162
442
318
1328
1269
1739
1931
529
371
1406
1321
996
353
1185
1424
296
1601
328
820
776
1808
462
1527
1719
1836
1485
1840
1031
966
850
410
1454
1242
565
1482
1183
469
660
113
1880
84
887
1986
316
930
298
442
1125
1975
712
671
61
896
1238
943
1007
1957
1511
1438
738
753
931
