1000
807
662
1028
1000
283
615
787
1052
528
78
1188
415
487
461
427
301
1229
454
1245
1607
1105
694
1454
985
1936
319
1943
135
1730
1923
1759
1670
1282
1854
905
1784
1306
1004
1524
1717
1824
1632
1006
1858
1198
774
1220
666
790
93
848
1257
278
944
1924
660
1070
1128
559
1234
1163
1634
503
1386
734
1789
1471
1813
1825
522
1020
1468
1043
630
818
929
1830
373
1759
429
1344
1722
1975
698
1371
1202
803
158
1701
1634
559
755
903
1688
434
1278
1595
477
175
536
576
1048
882
732
1708
386
340
465
772
1771
1635
1950
1784
393
438
980
177
1909
1881
1356
1313
868
864
1183
1612
1501
1528
497
365
385
1025
466
933
776
781
779
1220
1382
1315
1047
1048
232
531
760
1494
412
996
1406
1929
214
1046
215
940
1766
553
1865
1566
1854
1261
1737
1552
152
907
263
329
1047
1834
1472
625
351
1559
1940
1169
1215
1368
1044
504
495
270
1300
102
14
173
849
1108
751
1915
1305
196
1379
1605
1661
703
398
1934
1821
1544
1036
1430
1077
1667
1946
1234
571
1755
85
1279
120
786
1375
571
153
764
723
78
761
1620
1671
51
444
1526
1086
1565
1903
1277
850
1063
581
888
1175
1771
1145
1337
1527
549
113
429
559
1723
1126
454
486
524
1148
1973
1392
369
117
1871
553
732
1879
176
266
979
1389
703
1647
1685
2
1695
366
337
1895
1663
1285
1102
1061
19
1425
813
787
1629
1810
122
552
1062
1996
1905
1325
1211
374
861
478
1202
1663
763
570
1005
1116
1985
1122
1392
1640
633
1529
1422
973
387
339
1715
1570
1148
519
1417
1625
1060
1023
590
1586
1984
1525
621
1399
776
1912
1744
611
1391
1868
1145
755
893
702
941
407
1038
66
299
1385
379
751
183
1762
1081
785
315
406
1287
955
1441
1437
1615
1540
977
1749
1801
601
869
1944
1029
1242
1662
312
1904
447
285
1250
1352
719
12
1253
278
1534
1356
964
812
905
1895
1129
580
1892
1274
1418
412
1881
353
737
1369
1495
1856
446
1227
1097
86
1355
443
713
1219
1574
1237
1486
1117
1498
1238
330
36
305
1550
1275
817
26
543
1019
1134
1106
218
1653
309
1539
1585
133
1267
394
1778
994
392
1648
705
143
281
1165
1495
1588
1895
442
1294
1430
188
1693
498
1796
1196
1105
732
166
767
630
979
821
1213
1084
1975
423
1297
1842
1439
1898
1569
316
1220
481
66
1076
213
947
1786
542
1297
1284
1536
185
1202
1274
412
773
1401
1909
612
600
719
1455
1200
252
1027
519
1835
1475
5
1505
1597
1938
455
1420
284
487
731
791
1194
646
1713
1427
124
1574
1856
1942
1011
1282
1476
1410
996
1575
967
944
1816
1248
681
1714
935
1294
1229
985
410
643
133
772
527
1630
586
1756
620
1990
649
320
1375
1787
1063
1252
983
1925
1841
737
1699
233
1650
496
872
1606
1311
1183
398
1456
89
1545
938
1601
1462
733
399
1167
951
1909
687
963
1969
456
1878
1089
1111
540
350
159
1337
933
1452
1388
108
367
1029
304
813
57
243
1108
201
600
1320
1767
1802
1647
244
1568
1366
934
1303
1803
377
1749
1352
1473
987
1383
699
347
1229
1640
1048
801
1769
1236
1212
1796
1137
342
1253
231
47
977
473
537
286
876
1250
1019
834
1353
1846
584
1593
164
385
841
401
1387
1569
1629
931
689
1652
1417
481
1336
655
639
1274
1675
806
836
1131
474
1073
203
597
389
164
1053
1805
1708
3
196
281
1814
1237
227
687
936
1937
448
275
1592
1475
111
1102
354
899
535
1833
1153
564
136
1340
93
1375
970
870
704
45
1540
1647
371
1537
224
1804
1417
420
924
1947
271
427
1472
294
1007
1454
1562
1110
1727
1328
270
747
1932
78
85
205
1141
1437
321
1704
1510
1497
1841
1520
743
1544
339
460
1009
1786
1880
1588
646
1527
1666
1509
726
955
1198
1648
1510
1985
1787
427
1348
1129
1423
1388
1565
1934
1486
1938
399
1106
217
934
225
1629
666
1539
1287
1079
513
1537
1948
1348
438
793
111
807
1035
1747
1743
1710
1566
1999
1655
1148
283
1805
1029
519
744
1174
966
732
1422
927
429
975
1879
586
1111
1644
1656
1908
1186
403
1540
834
1055
280
557
1228
367
17
1163
686
1803
280
884
1153
284
382
1455
1679
1866
1724
1625
1073
324
776
1654
1453
157
1180
289
1592
1826
319
845
582
1874
1930
569
756
575
225
134
341
421
1878
450
423
1358
347
1328
784
1636
939
808
1160
1524
168
332
1556
191
50
396
998
1425
1004
1831
1879
1371
526
301
1483
1486
648
545
751
1226
583
337
321
810
10
1888
365
1801
1741
847
816
438
512
594
888
1603
862
70
243
201
999
1626
1179
156
327
1456
1050
298
862
529
112
94
1365
765
1409
624
973
1839
287
1813
1647
1373
160
660
58
1104
1527
1510
1635
1239
1896
420
1828
1883
242
1302
1971
859
1023
1162
1461
1658
296
1837
1458
1168
1080
145
907
1999
1989
217
212
485
1374
442
355
662
1731
741
1577
208
1673
1589
838
687
1415
982
418
312
963
1022
1379
1114
452
1068
1796
1442
997
753
1586
1532
1465
1377
671
1764
1699
376
1210
1832
683
772
435
1680
1456
544
919
140
794
1141
100
1502
1216
741
380
1828
895
502
1659
1663
1413
1799
1517
1149
619
1851
1015
491
1313
134
