2297 2679 1051 742
617 742
694 1379
156 742
36 531
765 1264
200 361
279 1965
895 1902
649 742
490 967
43 546
16 778
1622 1706
216 460
257 1799
839 1649
1650 1779
771 1994
112 1873
1485 1963
742 782
560 1609
742 1934
1409 1722
1653 1991
496 2144
742 1478
1263 1429
1265 1840
399 2111
106 988
279 1059
690 1445
70 142
184 1645
185 2276
1228 1313
848 2230
1394 2189
1423 2123
58 742
1242 1296
709 1318
104 1863
608 1708
608 1879
627 1798
1608 1702
1674 1686
742 1440
608 1583
492 1290
1860 2005
973 1693
1802 1896
637 2273
1101 1178
1629 1766
1999 2182
1070 1406
931 1223
742 1312
257 742
817 1810
965 1160
499 1979
145 2158
396 1363
356 1357
1793 2282
440 1690
951 1501
1151 2138
868 2128
476 1184
738 1942
363 1898
379 846
165 2078
608 1499
843 1805
608 1270
538 1344
816 1349
742 2222
608 1481
211 2023
15 1000
608 2089
1271 2127
308 904
377 1487
617 1691
366 742
490 1678
1238 1250
141 197
1854 2157
1297 1668
595 1839
1076 2150
537 1629
1396 1584
1738 1885
1426 1883
899 1741
1273 1872
590 951
742 1244
128 656
534 2201
515 2290
1965 2280
507 742
932 1182
110 2171
583 1557
1029 1104
498 640
910 924
213 1637
959 1345
161 724
742 929
182 898
742 1117
467 1206
1019 1335
608 1974
68 251
671 1577
1353 1489
574 1556
989 2033
500 936
1679 1755
889 988
1093 1310
1490 1544
1102 1788
529 608
985 1653
702 742
1164 1563
228 609
935 1550
1139 1606
72 179
406 827
258 742
91 1653
222 2045
438 1235
436 545
742 1616
1145 1635
712 1333
259 1436
246 1730
1733 1918
170 1283
1061 2268
972 2023
1919 2177
384 1708
1741 1774
259 357
42 1367
193 1030
1593 1872
783 1606
910 2163
518 551
169 1990
742 1176
158 1542
65 896
1165 1911
526 742
351 608
587 1278
1206 2273
744 1932
1794 2230
167 1341
365 903
218 1099
1852 1866
1694 2206
1914 1928
516 722
1250 1330
1873 2091
1692 1791
1162 1415
742 1337
1293 2109
696 1077
459 1920
1081 2008
13 209
742 1879
1300 1460
1926 1965
328 1044
463 1491
29 1961
1664 1939
968 1531
340 2146
1433 1713
1018 1965
215 497
377 1484
1256 1367
313 2120
840 1420
924 1392
452 1266
265 391
469 1018
110 2288
302 1806
1047 1128
1474 1962
458 871
2188 2226
1851 2237
1131 1809
608 650
1605 2028
742 1704
322 763
1830 1968
119 1286
2053 2285
870 1989
434 608
760 1277
469 1965
1757 1794
1329 2161
1329 1814
393 742
608 1154
599 1575
908 1545
1078 1261
106 460
721 998
1586 1950
983 2171
742 1403
160 716
673 742
2228 2262
952 1873
1792 2173
608 2002
469 1880
394 2121
828 1241
19 182
482 1660
742 1282
101 149
1777 1909
281 1586
513 1800
1354 1875
281 632
1440 2172
981 2055
554 1301
14 768
737 1522
1941 1981
263 943
1391 2060
1361 1538
230 923
742 1853
19 1204
812 872
646 749
1012 1917
1397 1968
1005 2273
455 831
564 781
1887 1898
328 2085
1321 1667
480 742
484 1178
1436 1965
1206 1956
959 2255
236 930
1644 2042
588 2135
742 1621
1313 1385
21 2272
1362 1653
1006 2011
503 608
496 1376
1239 1936
742 1530
742 818
681 1615
82 2021
781 1001
628 1750
900 1666
209 749
803 2166
1740 2019
1136 2151
805 1801
887 1940
311 2192
1243 2074
1789 1965
595 2068
801 1334
807 1871
993 1171
1994 2171
125 1209
74 1643
1369 1472
1255 1858
76 1769
60 568
1290 2205
1451 1951
608 1132
1739 2079
292 1834
523 1684
1314 2270
1590 1619
547 1498
51 1421
132 1904
1186 1313
117 1289
632 1203
641 1599
41 1881
1386 1653
89 509
1025 1072
1175 2171
742 807
1047 1807
157 742
1074 1919
1094 1221
181 1378
100 742
315 1704
874 2061
153 2286
103 795
742 1942
469 1105
34 449
608 1282
1602 2083
136 1290
549 886
1071 2050
554 1325
1308 2034
1364 2134
2288 2294
805 2131
37 2145
1231 1291
815 1028
1331 2103
1152 1900
469 954
244 1426
824 1947
733 1223
176 808
529 742
220 2164
487 1965
1002 1329
116 2105
85 357
1095 1210
314 2222
796 865
742 1508
1280 1756
268 919
969 1905
227 1952
1986 1987
1329 1865
477 1720
504 811
119 742
423 2021
58 588
373 1711
1167 2132
1821 1831
32 708
97 647
876 2129
401 1213
1206 2084
359 1306
531 1126
1636 1788
537 693
980 1966
2051 2107
1601 1729
1428 1636
421 2048
252 705
124 1706
1052 2123
1698 1960
590 1923
634 2237
1217 1692
938 1156
144 834
247 437
608 1937
685 1502
788 1017
1212 2286
552 1207
1461 2219
39 979
1450 2142
1196 1370
1251 1340
585 1732
742 1583
1037 2202
150 1036
517 2273
213 1653
667 1985
608 1236
142 1045
710 1986
319 981
36 1225
127 1833
2147 2185
1406 1826
453 1313
1355 1745
608 2096
608 1796
278 1653
608 928
160 1168
816 1822
1134 1351
451 742
809 1799
1468 2036
151 1400
608 815
837 1234
1871 2273
1561 2099
121 2056
1285 1546
815 2001
588 1114
1046 1847
2112 2273
1774 2247
771 1123
124 958
254 1020
75 234
688 742
775 897
1239 2247
742 1656
238 1586
1378 2065
731 1329
1407 1551
1808 1823
310 2225
984 1145
199 461
665 1748
1389 1799
1833 2252
21 1493
70 2075
303 1159
1549 1912
740 888
742 2020
619 1696
90 1442
11 608
17 375
399 1840
676 868
124 1295
1389 1869
380 1173
1612 1768
1705 1765
831 1653
114 465
1597 2036
1398 1574
1898 2092
1673 2026
730 1303
312 680
294 439
38 2018
616 742
2252 2273
876 2211
1259 1708
1502 1825
784 1574
1586 2263
877 1085
122 2182
478 742
1697 1838
111 871
226 1033
1516 1932
1486 1595
356 1034
413 2020
1699 2291
343 1933
907 1965
911 1290
519 608
690 1832
1653 1899
823 2005
742 1328
171 237
2063 2208
654 758
1362 1404
296 1313
618 976
1733 2204
171 523
255 924
742 1779
1519 1686
847 2273
972 1180
1347 1555
914 1096
1752 2010
1133 1903
742 2293
163 742
1471 2068
1482 2203
2184 2262
742 1558
742 1429
481 1697
469 574
1822 1864
1147 1780
790 1773
301 1997
827 1554
346 884
102 660
742 994
602 1281
739 1215
1288 1395
175 742
742 774
417 887
653 1841
273 2139
1184 1473
800 1080
597 1312
1725 2083
659 2273
1680 1970
1718 1945
543 609
440 1610
172 580
1653 1685
1011 2162
742 1114
1475 1797
469 608
708 1858
208 665
539 1001
1311 1858
191 596
1965 2170
1286 2026
785 1749
1135 1274
1375 1397
137 942
1428 2214
1815 2015
59 1199
9 1562
1589 1931
335 344
96 861
813 1095
155 2029
840 2125
291 1876
742 1819
603 1604
1924 2032
742 2115
473 1863
961 2133
684 2183
1216 1364
71 742
345 864
643 1448
350 1212
1054 1411
742 1265
2245 2275
742 1142
963 1313
664 2082
608 1869
1381 2168
608 793
660 1504
826 1456
3 663
1460 1653
207 742
907 1763
802 964
1175 2157
1365 1520
225 1360
1066 1965
697 883
445 530
1009 1600
548 926
1144 2212
1111 2087
742 1947
254 799
1313 1413
1603 2217
1630 1811
1908 2069
148 2098
651 742
44 1965
2112 2207
365 711
1090 1773
786 1810
450 1023
1627 2126
476 1473
1658 1760
321 1639
298 623
608 1751
568 1324
206 699
1679 2245
742 911
804 2159
1526 1586
355 754
610 2273
508 1159
1787 2192
598 2011
269 360
694 1575
608 2216
1533 1612
649 1468
609 742
108 1858
746 941
608 1176
1533 1951
1653 1977
1949 2173
180 1884
742 1280
152 324
808 2169
533 2198
93 326
790 1682
1735 1965
745 857
242 742
476 608
527 2258
971 1229
561 1125
1292 2217
105 1581
2037 2200
422 2033
834 1653
335 1105
742 2205
1721 1890
1761 1799
584 2064
308 608
742 1807
776 2171
270 673
229 1576
1779 2101
178 1064
1177 2137
685 742
309 1348
1635 2066
1169 2010
859 1291
201 1790
47 1938
411 1971
54 346
1297 1713
742 978
1740 2000
810 2117
1401 1441
742 2086
11 742
1063 1862
469 1100
415 1024
1867 2202
1882 2140
1062 2170
1596 2044
1564 1965
1214 2092
901 1515
608 1403
1147 1419
644 2254
16 1457
1168 1889
563 2018
742 1379
13 1248
870 1459
572 742
1205 1628
1514 1653
608 1861
277 319
656 2234
80 1063
966 1913
1915 2162
600 1120
609 1060
1779 1929
791 2241
653 1112
51 1221
608 1206
1710 1945
1715 2195
40 2017
608 1888
1000 1127
431 1511
608 1646
1120 2179
484 1480
366 1810
902 961
1326 1389
559 1387
562 1717
1835 1855
608 1541
578 2289
1289 1758
347 1044
223 1137
698 2017
742 2034
6 742
52 1549
354 1767
389 1604
757 1073
45 1954
742 1225
2058 2235
897 1715
33 1893
742 2242
1035 1384
1216 1708
88 178
1441 1503
524 756
280 1571
344 621
695 742
534 1728
776 1682
247 2273
997 2092
786 1121
844 2077
855 2069
1739 1868
2 1111
221 2121
1267 2249
684 881
1731 2087
256 999
1095 2275
362 1402
61 1053
740 1084
608 1244
1702 1961
1795 1817
376 2209
693 925
1598 1834
1948 1982
1559 1653
732 1447
604 1437
192 1708
241 893
591 1528
666 1963
586 1965
1259 1525
1409 1700
748 1447
65 2178
1846 2159
742 894
337 1405
427 1589
768 1382
980 2234
53 748
133 350
126 917
624 789
742 1154
1040 1118
849 1853
94 1562
615 717
373 1937
497 1155
520 1708
855 1352
686 1157
105 1020
138 1623
1709 1859
966 1564
273 1226
608 672
1197 2017
1203 1507
525 941
668 863
1710 2208
1771 1954
194 1547
267 1092
642 742
481 530
57 84
723 1149
608 613
606 996
1677 2269
1266 1313
872 1125
608 1051
1277 1843
331 1568
229 608
1691 2029
948 1883
288 742
211 1786
30 764
877 1769
469 2119
729 1858
1329 2171
608 1895
1290 1508
689 2270
875 1252
1120 1536
2054 2104
369 1872
1642 2125
94 1396
657 2295
6 1440
478 1873
605 1960
351 742
1432 1965
742 990
947 2027
404 608
1333 2196
540 547
644 742
742 909
1037 1965
608 1027
1092 1316
742 2038
50 235
1008 1672
947 1621
956 2095
413 1532
479 2195
1049 1097
1393 1523
31 101
354 2236
68 1206
1254 2154
1522 2057
742 1255
853 1814
624 1150
646 970
926 1383
469 2107
1202 1295
742 2238
500 1785
294 482
594 925
210 608
742 753
742 1390
1644 1988
716 2133
1010 1965
912 942
1568 1979
1173 1708
890 1342
1779 2108
1708 1995
1056 1193
60 759
1136 2244
27 1115
148 1215
1423 2031
1004 1980
352 743
1310 2073
417 2209
768 1072
390 933
133 2074
430 2088
608 2242
469 2187
996 2128
1910 1992
639 1736
1290 2143
320 552
80 1780
845 1572
370 1677
510 1531
25 1795
839 1641
1416 1995
1016 1065
407 2065
638 2090
292 1440
301 796
1363 1846
1517 1586
1784 2164
79 742
846 2151
276 569
542 1654
418 742
607 1632
14 608
1540 2080
1330 2281
1721 1726
691 1398
760 1632
450 1008
366 786
608 2040
913 2199
742 2103
1390 1561
862 1657
742 1751
421 932
332 975
316 1941
121 296
210 742
390 1626
632 1586
466 511
742 1935
266 381
462 1996
93 875
806 1530
286 494
856 896
472 742
2138 2229
434 910
6 977
1372 2213
1122 1984
551 2111
1458 2191
1399 2102
924 2163
1153 1921
703 1746
18 1240
65 1251
567 1812
746 1313
854 1578
742 1944
1188 1776
1055 1253
629 913
608 994
1143 1659
162 1158
128 1124
1393 2218
764 1048
1653 2155
190 1669
659 1601
745 828
792 1012
1653 2186
636 2086
403 822
419 742
69 231
1316 2080
957 1821
1308 1729
492 742
634 1042
1435 1818
95 783
453 1784
713 891
1097 1559
315 823
565 713
1394 1730
767 915
22 2079
533 1206
692 1143
122 1782
1854 2265
800 1482
159 2192
198 1955
1058 1653
1307 1500
295 1285
387 1891
916 1934
7 1211
137 522
742 1236
1219 1827
272 2210
675 742
1811 2227
715 2053
265 1186
773 1965
742 1404
297 1422
83 2273
1339 2028
56 237
742 2114
1040 2097
154 432
1329 1418
724 1257
488 844
262 1206
426 2089
969 2236
224 536
601 1301
1965 2154
608 1146
1179 2130
338 1095
212 282
260 929
518 1767
1296 1463
669 1509
1142 1647
789 2152
742 1570
742 1213
368 1683
1518 2227
930 2118
1611 1651
2141 2278
1119 2178
1813 1873
46 714
1891 2171
150 1579
112 742
1284 2016
825 1383
640 1006
340 1283
1109 1117
699 2266
364 491
813 1671
597 1220
348 1444
1897 2168
632 798
248 541
286 769
734 1670
742 786
1179 1816
84 1643
833 967
495 2017
1313 2295
285 801
2056 2277
763 976
583 742
892 1943
1081 1233
627 1062
742 2150
1513 1718
762 1269
445 1803
392 1008
316 1039
865 1543
1084 1653
742 862
1045 1497
240 2273
1916 2206
2061 2219
626 1052
300 2006
609 1430
1425 1653
88 821
869 1298
539 2073
935 1638
1661 1678
1955 2166
1057 1899
233 1965
1043 2244
623 943
205 304
1095 1313
1069 1524
174 815
742 859
140 739
1238 2012
917 1050
1230 1588
722 2049
291 2008
407 1334
1192 1965
934 1232
1007 1123
608 726
742 1229
435 2253
168 412
681 1371
782 1587
600 742
553 854
1331 2239
1837 2171
2040 2283
609 2093
317 742
1094 2231
688 1072
515 2015
742 848
318 608
1198 2130
371 1015
794 1843
85 1258
662 1647
1217 1790
742 1233
1738 2273
305 1348
535 1962
299 1222
1890 2007
25 742
299 1972
573 791
86 1810
1353 2122
742 1754
742 2014
429 1332
1676 1763
149 1267
317 1072
770 1965
251 735
1041 1219
454 860
26 1088
742 905
53 2048
306 2251
502 773
945 2084
1965 2060
963 1832
645 742
1068 1983
691 784
20 1940
1680 1971
1096 1548
742 809
483 2248
727 1778
168 1491
1467 1658
1695 1730
573 805
1120 1272
772 1708
742 1669
289 1623
242 608
83 742
657 1689
891 1343
728 2116
49 608
1015 1251
77 1433
86 786
86 817
1247 1313
361 1653
792 2184
524 1456
860 1134
824 1720
742 2143
443 2223
1620 2017
520 1249
1804 1893
1116 1523
1095 1385
1402 2137
1760 1965
2075 2145
184 1341
436 957
927 2183
1354 1667
1329 1496
742 2025
12 1877
1257 2273
1374 1611
883 2037
422 787
212 1653
193 401
1453 2110
1619 1653
469 1187
501 1862
1226 1905
1775 1829
229 1657
608 1337
1164 1978
608 1326
269 1570
2109 2264
359 1193
780 2017
704 2072
757 1600
873 1545
115 1507
742 1974
742 1279
96 742
655 1746
405 985
102 443
555 1467
1224 1347
1021 1454
280 885
742 784
818 1035
742 1098
1106 1736
1205 1656
742 1466
710 1878
486 1120
1407 1455
126 1438
256 379
622 1313
735 2122
1479 2046
677 742
1268 1708
447 2257
1091 1653
433 1892
718 1798
488 2276
447 1705
984 1512
131 2067
1083 1479
1965 2106
622 2224
592 1803
386 1170
341 852
719 2215
864 1749
214 469
95 1625
1801 2131
1591 1806
385 742
1993 2273
452 1095
300 1208
716 1906
271 1403
1053 1653
131 621
540 1866
239 742
841 1670
742 2032
755 1346
200 1903
608 1707
1526 1996
223 1391
1328 2141
176 1191
469 836
893 1446
620 1290
186 1131
560 742
473 1687
470 2152
1177 1431
699 1976
1824 1870
1449 1614
742 1772
742 1023
1392 2163
1352 1614
348 1781
118 1031
1214 1529
1138 1592
240 2193
1681 2163
1374 1768
876 1803
1268 2102
741 2180
153 742
522 593
192 1342
1567 1618
979 1313
46 725
1381 1781
1434 1913
1446 2232
1339 1653
295 1981
219 1163
718 906
1008 2156
873 1775
742 794
1543 1997
448 1582
652 1130
374 758
998 1161
1158 2041
140 203
1472 1693
1445 1716
550 1987
564 692
742 939
1724 2049
742 842
1984 2264
974 1758
187 1998
742 1534
1734 1877
163 950
388 1189
1185 1991
519 742
742 1099
424 512
593 2063
570 1366
742 1918
469 686
742 1707
1272 1481
546 641
1056 1130
322 742
730 1329
608 909
1256 1965
1003 1708
1566 1804
1580 1965
742 1764
673 784
8 1206
608 1944
1086 1594
1183 1965
456 944
491 2248
474 536
919 2160
1104 1206
696 703
1450 1989
290 679
886 1618
1110 1654
198 584
38 352
1122 1965
1422 1845
469 1931
189 742
1369 1762
372 1387
1026 1521
1109 1455
34 1852
742 1043
655 1279
1141 2077
608 1801
1338 1708
104 608
555 1744
797 2110
77 608
398 1304
638 1373
863 1014
284 1058
628 777
166 812
67 1829
186 196
362 1484
728 1747
154 669
1377 1881
433 939
72 441
462 1172
1108 1924
116 1756
995 1231
1162 1880
754 1380
2117 2190
2064 2292
230 1844
742 1761
310 342
561 2284
1418 1534
1260 1324
2019 2095
1313 2165
202 1009
414 416
1909 1943
1473 1876
158 1048
1206 2181
1458 1809
687 1595
904 1577
725 2044
727 1039
41 1607
89 1439
336 2233
576 661
672 742
878 1728
487 999
387 989
1010 1343
977 2172
87 742
334 1735
1796 1925
312 2098
196 1964
124 474
383 557
195 1260
1075 1113
250 1664
1514 2139
318 1613
284 505
104 1674
881 1551
1261 1513
516 1797
1419 1675
742 2091
888 2140
494 1494
91 264
404 1813
385 608
97 1914
1065 1329
742 2076
162 372
22 1475
1875 2273
202 424
127 1633
1766 2250
380 1830
1674 1863
742 1202
236 1439
293 1653
1329 1859
658 1288
1510 2043
33 2013
132 331
704 2071
608 1688
890 1959
125 884
1224 2012
381 1917
715 1727
742 1349
1315 1424
120 1734
164 1370
124 1911
637 944
1357 1782
477 1759
833 1649
556 742
588 1925
152 1340
1102 1427
69 2149
910 1392
1358 1596
1336 1965
1189 1722
287 2047
742 1872
567 1113
332 1322
268 1927
428 1588
411 971
614 1965
570 1163
378 1274
9 2238
857 2136
419 608
878 2196
977 1552
330 1826
245 652
974 1645
889 1637
204 367
1653 1708
879 1155
285 1651
608 1779
742 921
667 2174
288 608
2024 2096
73 591
1666 2161
579 1977
1813 1861
742 2297
707 1464
341 587
23 682
1653 2292
742 1915
1253 1668
1190 1565
742 2165
742 1895
1323 1457
858 1246
4 1547
608 1872
416 2142
1449 1860
1093 2289
1805 2134
1269 1698
412 2223
1652 1755
343 2153
323 732
221 1548
81 2100
1368 1872
707 1252
1151 1835
1910 1982
207 1174
608 2192
806 1586
1540 1725
742 1732
1042 2273
742 1930
742 1646
1791 2180
1965 2051
549 711
608 2017
1103 1496
282 1675
742 1783
432 1199
858 1156
1965 1970
1663 1851
755 1965
275 642
885 1886
1902 2287
742 1188
1313 1535
1802 2081
742 1270
742 2017
1731 2013
1262 1558
1453 1528
1198 1476
298 1956
742 1868
457 1140
1095 2240
742 1922
61 2215
921 1359
579 765
327 2085
850 1529
608 2022
1129 1642
742 2040
742 815
1264 1708
180 314
468 578
98 991
1350 1631
517 1017
39 431
410 1120
1412 1884
115 1218
353 1495
1041 2208
536 1622
1329 1640
81 687
1477 1580
814 1660
706 1444
742 819
129 820
266 406
1586 2070
166 201
233 326
2119 2260
320 2243
1262 1990
742 2263
510 733
563 1100
1302 1372
1431 1483
1300 1571
35 643
1126 1287
329 742
541 1785
498 1046
161 639
2081 2190
333 1055
1537 1800
374 1616
290 418
203 1634
1209 1591
437 945
29 1572
358 814
321 719
742 1958
1281 2243
92 2277
721 1556
1278 1765
134 1191
571 922
347 465
1195 1227
1148 1516
837 2088
742 851
2002 2043
1101 1515
668 1458
12 1792
1293 2260
608 1510
45 1546
130 2041
293 414
62 1246
625 2285
179 2059
742 952
608 1001
766 2047
1 1076
382 1696
283 308
408 1317
1442 2024
1825 1906
1816 2273
304 1070
502 1237
143 1953
188 1820
742 1793
603 1276
1073 1831
267 612
483 1742
169 318
1965 1972
729 742
1087 1327
898 1237
1480 2057
611 1086
15 1183
232 1673
927 1068
986 1434
489 1582
992 1532
2006 2160
581 825
86 366
895 2144
603 608
77 2136
1074 2188
276 731
1206 2207
1560 2197
970 2255
1848 2256
905 2235
1361 2296
59 1079
195 1837
742 2156
183 948
613 708
177 2174
811 894
1144 1477
714 993
559 1973
679 1276
349 1321
42 2287
1573 2039
608 965
428 608
244 1737
1483 1957
1848 1953
439 2052
1753 2271
165 1770
420 2226
117 1121
581 2158
575 920
263 747
217 2194
175 1072
608 1569
915 1405
1828 1916
1572 1702
787 1016
123 1029
100 1936
1079 1329
736 1077
1112 1412
63 742
525 1116
103 1743
275 1165
632 1172
113 469
608 2171
1708 1882
1119 1417
194 635
108 742
601 2273
7 2176
87 99
308 1008
1745 2120
1082 2250
309 1345
1356 2039
742 1946
766 1302
751 962
571 2191
1332 1708
1194 1900
1050 2211
189 1290
67 2171
5 2100
1098 1103
968 2106
867 1676
843 2155
1505 1648
307 678
66 1465
1196 1329
953 2272
493 2233
325 2058
654 1965
205 264
973 1708
1752 2249
666 1161
1299 1355
238 798
388 1590
1220 1509
167 446
504 1653
605 940
506 1201
50 747
1581 2148
820 1401
250 772
1425 1747
1250 1493
1194 1908
339 752
78 592
402 1032
278 429
608 1382
1169 1653
608 1469
871 2030
1248 1624
396 1329
54 836
774 1072
742 1078
536 647
705 2273
558 1304
882 1701
1828 2259
670 1182
608 1552
353 1939
608 817
446 742
139 614
742 2200
616 1120
608 677
1275 1579
1024 1726
511 841
940 1003
305 1687
1535 2278
507 1567
1002 2294
1200 1638
1055 1988
575 2231
804 1557
215 2271
699 742
334 1011
1626 1655
454 803
435 2089
376 2132
79 1873
1967 2192
1371 1653
135 1207
469 2094
1518 2146
76 1550
2017 2035
499 1089
987 2027
785 1386
177 1605
183 742
608 2113
606 1417
1408 1975
901 1454
246 1695
48 742
1320 1754
1505 2221
620 742
389 679
8 2273
241 2274
576 920
799 832
438 630
726 742
742 1469
397 1634
1206 1770
742 1969
1410 2284
1150 1336
49 742
1184 1938
253 1290
770 1157
742 1688
1022 2104
566 1245
536 608
147 1462
928 1160
810 1061
602 678
1517 1683
5 1464
2031 2121
734 960
689 2228
255 480
371 2239
1466 1873
469 1034
169 1613
82 449
1949 2009
914 1414
157 1329
90 1923
1633 2181
109 608
585 1527
1470 1985
582 2158
1195 1313
1013 1779
231 1421
742 2163
1689 2240
902 2214
48 1873
479 668
124 751
425 1925
742 1926
64 795
580 1443
358 867
1307 1820
423 1335
742 1311
243 1120
512 1148
181 2131
485 1107
2127 2199
26 1744
742 2099
400 1901
141 1894
608 990
934 2066
1227 2055
625 631
124 536
923 1695
467 1663
761 1599
172 594
761 1586
216 1777
1089 1206
626 1414
608 1428
367 375
235 1885
283 392
469 566
144 2071
1554 1708
1338 1351
1192 1957
3 1750
958 2282
57 270
986 1085
835 946
349 662
1031 1930
1465 2297
521 742
720 1818
188 1305
741 742
508 1110
220 1359
1317 2096
1410 1653
243 742
64 1066
355 1973
509 1376
706 882
27 258
1873 2025
23 1388
1640 1836
1565 2265
6 2172
599 2213
260 1615
701 1019
1008 1115
1235 1488
1887 2059
325 769
302 802
1789 1921
1506 1519
697 1200
28 550
1358 2231
420 1438
1005 1489
111 442
1290 1490
723 1555
589 1856
1222 2279
1462 1723
1432 2167
608 1635
1912 2251
1452 1845
1901 2273
661 1452
658 845
398 869
673 691
874 2042
98 1435
345 493
400 2257
277 1108
950 2176
1137 2105
393 608
1218 1950
982 1653
1263 1661
456 742
458 2045
470 1080
1049 1694
501 762
461 1627
1166 1712
983 1836
1584 2118
577 2040
1071 1648
448 1937
608 1095
1703 2267
978 1408
123 2273
415 1495
78 611
1653 1824
1091 1708
384 744
960 1948
469 1486
964 1965
586 822
542 1563
274 2280
1448 1889
618 701
682 1935
1294 2281
609 1319
457 572
313 866
1271 1613
2114 2232
1865 2153
702 2124
675 1712
975 1641
608 2014
742 1027
2 1230
1232 1443
136 742
1106 2198
32 608
2115 2147
1719 1771
204 1812
245 779
1036 2253
10 1543
1170 1965
742 1541
709 1320
1617 1711
63 608
700 1659
562 1501
1681 1776
1542 2194
742 1377
129 1896
736 2225
1152 2167
1858 2293
779 1309
135 1399
1095 2009
472 2046
339 995
608 2038
630 2129
742 2216
608 2076
1723 2220
37 742
742 1171
274 464
489 1710
742 2135
451 2004
1757 2197
608 695
1090 1329
187 553
1138 1318
333 1461
631 1607
742 2177
134 743
1586 1597
111 2269
936 1665
173 908
1598 1724
6 1602
1552 2172
557 1703
107 505
1190 1329
173 1933
742 2192
139 1365
217 1506
214 829
759 880
532 1087
663 954
1309 2016
47 955
297 1094
1245 2221
246 608
222 1630
608 1946
1662 2186
1427 1906
30 342
1474 1609
922 1201
329 608
937 1717
648 880
1314 1690
146 366
75 861
1527 1573
679 1478
62 2116
608 699
1719 1759
405 1373
1258 1966
1330 1983
224 962
1416 1653
328 745
1539 1553
1254 1655
821 1413
629 1141
225 378
1366 1850
92 1210
633 645
1127 2187
1521 1907
797 2291
717 742
1628 1827
742 1499
977 1440
1561 2043
527 2094
1030 1133
459 1181
1139 1323
1992 2031
2204 2259
368 632
633 635
1038 1872
73 1569
226 1004
455 1492
485 1497
742 924
55 1799
753 1856
1174 1603
170 428
608 1398
218 853
1204 2274
130 775
308 1672
1303 2171
395 2203
306 856
1476 1904
1306 1808
720 1313
916 2229
475 1329
164 1007
147 1082
262 852
155 1653
1671 2003
503 1272
581 1083
608 1922
1585 2078
865 1699
1185 1211
769 1494
608 1969
249 1275
700 1838
114 1287
363 1166
742 2022
956 1485
1160 1587
1360 1857
327 1315
469 1471
403 532
526 1072
468 1488
742 2179
1437 1998
10 190
1701 1708
1167 1842
336 903
742 1536
409 2212
1569 1842
402 535
52 2268
120 1313
1243 2273
227 636
24 1872
1247 1772
471 596
565 1032
742 2113
18 1786
513 1228
832 2124
1625 2171
286 1566
937 2082
466 1503
544 1815
208 1520
608 1544
1014 1964
289 756
777 1327
1459 1952
337 1999
847 2126
249 548
427 464
1234 1867
608 820
900 1128
609 2246
252 383
609 674
987 2220
1578 1988
982 1375
364 1350
835 1897
521 1470
1149 1849
185 879
444 742
307 1870
582 1817
74 1864
514 1819
56 664
514 1965
146 2148
1322 1639
1993 2054
680 949
815 1067
931 1907
386 866
1140 1298
253 742
912 2175
323 619
71 830
742 1888
1208 1653
1652 1716
162 608
1292 1329
261 2218
28 1653
830 1325
767 1026
899 1022
1240 1839
784 1388
1344 1965
1411 1965
151 1594
742 1025
1709 1737
918 2067
742 1284
1511 2003
410 742
35 842
391 1095
737 2256
955 1778
1504 2258
118 1500
287 1313
43 742
408 1849
303 1662
1525 1878
475 648
946 1242
441 850
1538 2052
234 612
815 838
671 1008
906 2000
607 1451
199 1585
138 569
1187 2296
953 1294
1181 1978
603 679
4 2224
1748 1823
113 1153
608 632
938 1959
742 2210
232 1624
197 1975
1714 1779
691 1574
558 933
1145 2066
1753 2185
673 1574
394 2201
538 1847
1129 1539
55 742
849 2062
1329 2261
261 338
608 851
829 1088
1492 1610
1033 2097
1743 2169
360 506
1356 2267
31 191
1384 1920
124 651
992 1886
1 712
1576 1657
109 742
1380 2149
1553 1958
20 1608
1874 2017
793 1490
997 1684
742 1132
66 1400
434 1392
1850 2193
17 395
1299 1855
486 742
1857 2175
1631 1965
143 615
370 528
248 469
471 2254
397 1841
107 2007
1592 1653
1463 2090
608 609
2062 2279
272 2189
44 1021
742 1124
528 1560
442 2030
426 544
610 1305
1653 1783
145 1524
1064 1095
752 1118
1395 1894
1498 1844
949 1512
778 1329
324 676
1346 1420
892 1708
1313 1892
819 826
239 1537
99 2070
1069 2290
382 1708
545 1685
330 1727
918 1487
425 608
1054 1764
1135 1617
683 2017
598 1180
219 589
409 463
604 738
430 2050
1762 2072
556 788
650 742
444 608
124 1928
156 2241
742 1146
670 1057
1249 1927
1415 1742
1241 1424
750 1872
2171 2261
1107 1329
1059 1665
742 1075
991 2004
1700 1980
